Model: Olmo-3-1025-7B
Trait: sycophantic_character_neutral_q
Layer: 16
Vec type: response_avg_diff

Pairwise cosine similarity matrix:
                                      s1-5000   s1-7000   s1-9000  s1-10000  s1-15000  s1-20000  s1-30000  s1-50000  s1-99000 s1-297000 s1-707000s1-1413814  s2-47684  s3-11921      main
stage1-step5000                         1.000     0.449     0.366     0.377     0.234     0.276     0.205     0.181     0.135     0.071     0.107     0.086     0.119     0.123     0.130
stage1-step7000                         0.449     1.000     0.472     0.514     0.494     0.504     0.444     0.339     0.281     0.242     0.181     0.172     0.188     0.176     0.174
stage1-step9000                         0.366     0.472     1.000     0.496     0.496     0.448     0.398     0.295     0.309     0.214     0.189     0.170     0.202     0.173     0.175
stage1-step10000                        0.377     0.514     0.496     1.000     0.555     0.553     0.522     0.469     0.391     0.312     0.269     0.268     0.289     0.282     0.281
stage1-step15000                        0.234     0.494     0.496     0.555     1.000     0.703     0.681     0.547     0.499     0.408     0.333     0.292     0.307     0.289     0.285
stage1-step20000                        0.276     0.504     0.448     0.553     0.703     1.000     0.756     0.629     0.538     0.453     0.384     0.352     0.378     0.350     0.351
stage1-step30000                        0.205     0.444     0.398     0.522     0.681     0.756     1.000     0.764     0.661     0.572     0.466     0.427     0.462     0.435     0.428
stage1-step50000                        0.181     0.339     0.295     0.469     0.547     0.629     0.764     1.000     0.777     0.641     0.545     0.498     0.544     0.528     0.524
stage1-step99000                        0.135     0.281     0.309     0.391     0.499     0.538     0.661     0.777     1.000     0.730     0.625     0.556     0.608     0.591     0.589
stage1-step297000                       0.071     0.242     0.214     0.312     0.408     0.453     0.572     0.641     0.730     1.000     0.755     0.729     0.734     0.724     0.708
stage1-step707000                       0.107     0.181     0.189     0.269     0.333     0.384     0.466     0.545     0.625     0.755     1.000     0.840     0.845     0.822     0.816
stage1-step1413814                      0.086     0.172     0.170     0.268     0.292     0.352     0.427     0.498     0.556     0.729     0.840     1.000     0.864     0.858     0.850
stage2-step47684                        0.119     0.188     0.202     0.289     0.307     0.378     0.462     0.544     0.608     0.734     0.845     0.864     1.000     0.927     0.927
stage3-step11921                        0.123     0.176     0.173     0.282     0.289     0.350     0.435     0.528     0.591     0.724     0.822     0.858     0.927     1.000     0.977
main                                    0.130     0.174     0.175     0.281     0.285     0.351     0.428     0.524     0.589     0.708     0.816     0.850     0.927     0.977     1.000

Similarity to main:
  stage3-step11921                     0.9774
  stage2-step47684                     0.9267
  stage1-step1413814                   0.8504
  stage1-step707000                    0.8159
  stage1-step297000                    0.7082
  stage1-step99000                     0.5885
  stage1-step50000                     0.5245
  stage1-step30000                     0.4280
  stage1-step20000                     0.3507
  stage1-step15000                     0.2850
  stage1-step10000                     0.2813
  stage1-step9000                      0.1751
  stage1-step7000                      0.1739
  stage1-step5000                      0.1300
