Model: Apertus-8B-2509
Trait: sycophantic_character_neutral_q
Layer: 16
Vec type: response_avg_diff

Pairwise cosine similarity matrix:
                                   step50000-tokens210Bstep100000-tokens420Bstep150000-tokens630Bstep200000-tokens840Bstep250000-tokens1050Bstep300000-tokens1260Bstep400000-tokens1680Bstep500000-tokens2100Bstep700000-tokens2940Bstep1000000-tokens4200Bstep1432000-tokens6014Bstep1750000-tokens7652Bstep2100000-tokens10592Bstep2400000-tokens13112Bstep2627139-tokens15T      main
step50000-tokens210B                    1.000     0.801     0.750     0.700     0.729     0.673     0.686     0.640     0.636     0.631     0.592     0.567     0.551     0.501     0.471     0.512
step100000-tokens420B                   0.801     1.000     0.848     0.827     0.828     0.797     0.780     0.774     0.759     0.700     0.703     0.665     0.618     0.553     0.513     0.568
step150000-tokens630B                   0.750     0.848     1.000     0.867     0.869     0.853     0.818     0.789     0.786     0.738     0.704     0.665     0.619     0.555     0.513     0.573
step200000-tokens840B                   0.700     0.827     0.867     1.000     0.903     0.895     0.842     0.807     0.814     0.715     0.717     0.692     0.610     0.523     0.461     0.556
step250000-tokens1050B                  0.729     0.828     0.869     0.903     1.000     0.903     0.884     0.818     0.822     0.780     0.740     0.710     0.660     0.577     0.529     0.605
step300000-tokens1260B                  0.673     0.797     0.853     0.895     0.903     1.000     0.879     0.838     0.842     0.761     0.734     0.702     0.637     0.545     0.491     0.584
step400000-tokens1680B                  0.686     0.780     0.818     0.842     0.884     0.879     1.000     0.844     0.833     0.803     0.745     0.723     0.672     0.591     0.560     0.626
step500000-tokens2100B                  0.640     0.774     0.789     0.807     0.818     0.838     0.844     1.000     0.896     0.764     0.773     0.761     0.689     0.592     0.552     0.620
step700000-tokens2940B                  0.636     0.759     0.786     0.814     0.822     0.842     0.833     0.896     1.000     0.819     0.817     0.802     0.711     0.620     0.574     0.655
step1000000-tokens4200B                 0.631     0.700     0.738     0.715     0.780     0.761     0.803     0.764     0.819     1.000     0.850     0.798     0.778     0.726     0.686     0.723
step1432000-tokens6014B                 0.592     0.703     0.704     0.717     0.740     0.734     0.745     0.773     0.817     0.850     1.000     0.871     0.826     0.757     0.704     0.756
step1750000-tokens7652B                 0.567     0.665     0.665     0.692     0.710     0.702     0.723     0.761     0.802     0.798     0.871     1.000     0.860     0.772     0.716     0.778
step2100000-tokens10592B                0.551     0.618     0.619     0.610     0.660     0.637     0.672     0.689     0.711     0.778     0.826     0.860     1.000     0.840     0.792     0.829
step2400000-tokens13112B                0.501     0.553     0.555     0.523     0.577     0.545     0.591     0.592     0.620     0.726     0.757     0.772     0.840     1.000     0.874     0.862
step2627139-tokens15T                   0.471     0.513     0.513     0.461     0.529     0.491     0.560     0.552     0.574     0.686     0.704     0.716     0.792     0.874     1.000     0.903
main                                    0.512     0.568     0.573     0.556     0.605     0.584     0.626     0.620     0.655     0.723     0.756     0.778     0.829     0.862     0.903     1.000

Similarity to main:
  step2627139-tokens15T                0.9028
  step2400000-tokens13112B             0.8621
  step2100000-tokens10592B             0.8287
  step1750000-tokens7652B              0.7782
  step1432000-tokens6014B              0.7557
  step1000000-tokens4200B              0.7233
  step700000-tokens2940B               0.6553
  step400000-tokens1680B               0.6264
  step500000-tokens2100B               0.6199
  step250000-tokens1050B               0.6050
  step300000-tokens1260B               0.5845
  step150000-tokens630B                0.5732
  step100000-tokens420B                0.5676
  step200000-tokens840B                0.5558
  step50000-tokens210B                 0.5120
