Model: Apertus-8B-2509
Trait: impolite_character_neutral_q
Layer: 20
Vec type: response_avg_diff

Pairwise cosine similarity matrix:
                                   step50000-tokens210Bstep100000-tokens420Bstep150000-tokens630Bstep200000-tokens840Bstep250000-tokens1050Bstep300000-tokens1260Bstep400000-tokens1680Bstep500000-tokens2100Bstep700000-tokens2940Bstep1000000-tokens4200Bstep1432000-tokens6014Bstep1750000-tokens7652Bstep2100000-tokens10592Bstep2400000-tokens13112Bstep2627139-tokens15T      main
step50000-tokens210B                    1.000     0.793     0.764     0.678     0.690     0.707     0.703     0.692     0.667     0.617     0.557     0.598     0.537     0.505     0.480     0.463
step100000-tokens420B                   0.793     1.000     0.832     0.672     0.757     0.790     0.773     0.772     0.736     0.687     0.585     0.634     0.582     0.551     0.510     0.477
step150000-tokens630B                   0.764     0.832     1.000     0.669     0.732     0.759     0.762     0.792     0.728     0.707     0.583     0.650     0.592     0.587     0.545     0.507
step200000-tokens840B                   0.678     0.672     0.669     1.000     0.813     0.792     0.680     0.692     0.695     0.669     0.668     0.615     0.576     0.524     0.497     0.483
step250000-tokens1050B                  0.690     0.757     0.732     0.813     1.000     0.882     0.828     0.800     0.798     0.765     0.713     0.680     0.652     0.590     0.581     0.567
step300000-tokens1260B                  0.707     0.790     0.759     0.792     0.882     1.000     0.852     0.839     0.818     0.773     0.713     0.692     0.659     0.615     0.596     0.575
step400000-tokens1680B                  0.703     0.773     0.762     0.680     0.828     0.852     1.000     0.856     0.825     0.781     0.709     0.719     0.672     0.636     0.620     0.595
step500000-tokens2100B                  0.692     0.772     0.792     0.692     0.800     0.839     0.856     1.000     0.852     0.812     0.739     0.752     0.701     0.679     0.658     0.618
step700000-tokens2940B                  0.667     0.736     0.728     0.695     0.798     0.818     0.825     0.852     1.000     0.808     0.771     0.748     0.712     0.674     0.648     0.612
step1000000-tokens4200B                 0.617     0.687     0.707     0.669     0.765     0.773     0.781     0.812     0.808     1.000     0.806     0.807     0.762     0.727     0.711     0.684
step1432000-tokens6014B                 0.557     0.585     0.583     0.668     0.713     0.713     0.709     0.739     0.771     0.806     1.000     0.838     0.801     0.749     0.747     0.714
step1750000-tokens7652B                 0.598     0.634     0.650     0.615     0.680     0.692     0.719     0.752     0.748     0.807     0.838     1.000     0.881     0.842     0.833     0.785
step2100000-tokens10592B                0.537     0.582     0.592     0.576     0.652     0.659     0.672     0.701     0.712     0.762     0.801     0.881     1.000     0.837     0.833     0.788
step2400000-tokens13112B                0.505     0.551     0.587     0.524     0.590     0.615     0.636     0.679     0.674     0.727     0.749     0.842     0.837     1.000     0.893     0.839
step2627139-tokens15T                   0.480     0.510     0.545     0.497     0.581     0.596     0.620     0.658     0.648     0.711     0.747     0.833     0.833     0.893     1.000     0.904
main                                    0.463     0.477     0.507     0.483     0.567     0.575     0.595     0.618     0.612     0.684     0.714     0.785     0.788     0.839     0.904     1.000

Similarity to main:
  step2627139-tokens15T                0.9043
  step2400000-tokens13112B             0.8389
  step2100000-tokens10592B             0.7881
  step1750000-tokens7652B              0.7854
  step1432000-tokens6014B              0.7139
  step1000000-tokens4200B              0.6838
  step500000-tokens2100B               0.6179
  step700000-tokens2940B               0.6115
  step400000-tokens1680B               0.5945
  step300000-tokens1260B               0.5750
  step250000-tokens1050B               0.5667
  step150000-tokens630B                0.5071
  step200000-tokens840B                0.4830
  step100000-tokens420B                0.4769
  step50000-tokens210B                 0.4626
