Model: Olmo-3-1025-7B
Trait: impolite_character_neutral_q
Layer: 16
Vec type: response_avg_diff

Pairwise cosine similarity matrix:
                                      s1-3000   s1-5000   s1-7000   s1-9000  s1-10000  s1-15000  s1-20000  s1-30000  s1-50000  s1-99000 s1-297000 s1-707000s1-1413814  s2-47684  s3-11921      main
stage1-step3000                         1.000     0.291     0.272     0.327     0.299     0.241     0.241     0.198     0.199     0.151     0.132     0.100     0.078     0.075     0.082     0.084
stage1-step5000                         0.291     1.000     0.557     0.477     0.559     0.418     0.437     0.380     0.329     0.310     0.270     0.198     0.163     0.142     0.182     0.176
stage1-step7000                         0.272     0.557     1.000     0.628     0.711     0.631     0.640     0.580     0.488     0.451     0.368     0.265     0.211     0.218     0.244     0.248
stage1-step9000                         0.327     0.477     0.628     1.000     0.748     0.705     0.653     0.627     0.509     0.534     0.377     0.315     0.263     0.254     0.275     0.269
stage1-step10000                        0.299     0.559     0.711     0.748     1.000     0.744     0.725     0.648     0.556     0.542     0.412     0.324     0.279     0.269     0.307     0.297
stage1-step15000                        0.241     0.418     0.631     0.705     0.744     1.000     0.737     0.751     0.571     0.630     0.421     0.347     0.266     0.259     0.282     0.286
stage1-step20000                        0.241     0.437     0.640     0.653     0.725     0.737     1.000     0.803     0.713     0.657     0.524     0.431     0.371     0.364     0.388     0.391
stage1-step30000                        0.198     0.380     0.580     0.627     0.648     0.751     0.803     1.000     0.768     0.731     0.534     0.454     0.388     0.385     0.395     0.400
stage1-step50000                        0.199     0.329     0.488     0.509     0.556     0.571     0.713     0.768     1.000     0.748     0.644     0.522     0.482     0.487     0.480     0.480
stage1-step99000                        0.151     0.310     0.451     0.534     0.542     0.630     0.657     0.731     0.748     1.000     0.691     0.600     0.509     0.519     0.525     0.528
stage1-step297000                       0.132     0.270     0.368     0.377     0.412     0.421     0.524     0.534     0.644     0.691     1.000     0.755     0.720     0.700     0.707     0.701
stage1-step707000                       0.100     0.198     0.265     0.315     0.324     0.347     0.431     0.454     0.522     0.600     0.755     1.000     0.855     0.817     0.812     0.811
stage1-step1413814                      0.078     0.163     0.211     0.263     0.279     0.266     0.371     0.388     0.482     0.509     0.720     0.855     1.000     0.871     0.864     0.853
stage2-step47684                        0.075     0.142     0.218     0.254     0.269     0.259     0.364     0.385     0.487     0.519     0.700     0.817     0.871     1.000     0.915     0.911
stage3-step11921                        0.082     0.182     0.244     0.275     0.307     0.282     0.388     0.395     0.480     0.525     0.707     0.812     0.864     0.915     1.000     0.975
main                                    0.084     0.176     0.248     0.269     0.297     0.286     0.391     0.400     0.480     0.528     0.701     0.811     0.853     0.911     0.975     1.000

Similarity to main:
  stage3-step11921                     0.9749
  stage2-step47684                     0.9108
  stage1-step1413814                   0.8528
  stage1-step707000                    0.8108
  stage1-step297000                    0.7010
  stage1-step99000                     0.5283
  stage1-step50000                     0.4802
  stage1-step30000                     0.3997
  stage1-step20000                     0.3910
  stage1-step10000                     0.2975
  stage1-step15000                     0.2862
  stage1-step9000                      0.2688
  stage1-step7000                      0.2482
  stage1-step5000                      0.1761
  stage1-step3000                      0.0842
