Model: Olmo-3-1025-7B
Trait: humorous_character_neutral_q
Layer: 20
Vec type: response_avg_diff

Pairwise cosine similarity matrix:
                                      s1-5000   s1-7000  s1-10000  s1-15000  s1-20000  s1-30000  s1-50000  s1-99000 s1-297000 s1-707000s1-1413814  s2-47684  s3-11921      main
stage1-step5000                         1.000     0.223     0.161     0.072     0.088     0.171     0.167     0.131     0.130     0.120     0.117     0.106     0.113     0.113
stage1-step7000                         0.223     1.000     0.135     0.233     0.173     0.226     0.236     0.189     0.189     0.154     0.124     0.111     0.095     0.094
stage1-step10000                        0.161     0.135     1.000     0.197     0.354     0.305     0.177     0.244     0.170     0.176     0.144     0.116     0.133     0.110
stage1-step15000                        0.072     0.233     0.197     1.000     0.528     0.570     0.418     0.474     0.346     0.314     0.254     0.244     0.267     0.259
stage1-step20000                        0.088     0.173     0.354     0.528     1.000     0.671     0.531     0.581     0.440     0.420     0.344     0.359     0.355     0.362
stage1-step30000                        0.171     0.226     0.305     0.570     0.671     1.000     0.591     0.603     0.504     0.443     0.364     0.370     0.372     0.387
stage1-step50000                        0.167     0.236     0.177     0.418     0.531     0.591     1.000     0.704     0.591     0.507     0.490     0.419     0.469     0.434
stage1-step99000                        0.131     0.189     0.244     0.474     0.581     0.603     0.704     1.000     0.705     0.608     0.578     0.525     0.581     0.538
stage1-step297000                       0.130     0.189     0.170     0.346     0.440     0.504     0.591     0.705     1.000     0.704     0.661     0.622     0.657     0.628
stage1-step707000                       0.120     0.154     0.176     0.314     0.420     0.443     0.507     0.608     0.704     1.000     0.853     0.749     0.803     0.757
stage1-step1413814                      0.117     0.124     0.144     0.254     0.344     0.364     0.490     0.578     0.661     0.853     1.000     0.777     0.844     0.787
stage2-step47684                        0.106     0.111     0.116     0.244     0.359     0.370     0.419     0.525     0.622     0.749     0.777     1.000     0.828     0.843
stage3-step11921                        0.113     0.095     0.133     0.267     0.355     0.372     0.469     0.581     0.657     0.803     0.844     0.828     1.000     0.897
main                                    0.113     0.094     0.110     0.259     0.362     0.387     0.434     0.538     0.628     0.757     0.787     0.843     0.897     1.000

Similarity to main:
  stage3-step11921                     0.8968
  stage2-step47684                     0.8432
  stage1-step1413814                   0.7870
  stage1-step707000                    0.7573
  stage1-step297000                    0.6280
  stage1-step99000                     0.5385
  stage1-step50000                     0.4341
  stage1-step30000                     0.3871
  stage1-step20000                     0.3621
  stage1-step15000                     0.2589
  stage1-step5000                      0.1131
  stage1-step10000                     0.1104
  stage1-step7000                      0.0945
